149603524
336732616
38846515
355703913
388104525
25155310
394137592
290131778
391949880
201248411
263003176
89020549
176957796
271893367
403287048
253917293
79395355
425997655
272086159
300871545
279741379
278866211
211438925
441462736
259962054
55652896
260043723
150098860
144440290
47484268
2760710
402026209
9006668
120585579
224225541
92226327
12862099
63898957
220479565
259377017
268766053
279740441
382188882
29781292
382626661
277103955
150030205
166697854
9102327
175476629
41865539
55452495
155986102
69838258
382474101
9033144
139285736
20892672
220396259
207084429
167418898
422655579
271900960
382391899
178155732
219379012
1129033
259701242
153065527
167754523
178284730
279251651
459942762
78055054
32499655
143350972
117979897
1528696
139528693
257605131
176831592
398733009
33521996
33692729
37770169
47911178
306362738
317548889
365639282
260708537
119292328
234825296
234112540
200322593
37168957
192826603
161477033
407966340
146261607
146208651
122262940
78672342
458589703
150428135
219239945
391821647
271971130
144138509
150271680
15445551
219401954
306996324
294780517
300013921
277099925
41227743
55525572
255760319
30312676
381976956
271596418
219344917
124543547
350153977
425163745
146434840
425220920
374908020
259863352
299799658
361034196
311890977
24094603
405862830
91576611
154872375
142276270
159510109
16740101
69679391
158324245
16102323
1717732429
169177766
258777137
233087860
83210867
147950620
29960110
327017634
33878688
349095149
382437043
300038935
120960812
158170594
230127302
232540264
233684822
237222864
288735205
424865156
417948359
13499636
43064903
153949511
224297258
408203470
199688472
237104103
258777134
356867115
185405474
233735068
15565627
387664868
229747848
365683032
129539786
190430205
190442486
240613164
328167090
365389353
64553698
259126549
69747919
224600500
2041563029
377304435
375506058
198356533
229650439
232982558
235683377
356158613
377293776
420112589
198390247
452803785
459978312
198457103
431148743
371673488
316402246
377420580
329145325
410528770
428065977
326114850
272828463
377739433
269509393
270238522
314338017
313761775
354600221
420288086
318746829
127425841
409520860
191146556
405794804
320506985
117322779
245462406
249862365
256414077
259151170
285674856
307111282
316254876
332154944
348135793
354400186
370759867
403256331
418987806
458914949
71854745
82010657
385105624
68152139
187029841
118301361
26433869
229951289
264678534
268403451
376838000
461387302
470852531
165551882
230086768
396562848
138168780
27677846
288631580
354006740
368536386
468828873
73104318
9837861
259168516
198384408
268334473
71431780
229455001
233602827
287139872
289580577
233684293
286916251
237108272
142381532
229742722
202426247
321668398
172370679
167009792
308919449
31268146
70887357
26547036
335996558
336456596
445254275
427279997
54364414
270333769
403308915
327577308
141663460
417931300
321669174
441738827
441765914
402898317
235678745
279982557
394029948
1400212743
54464870
116242971
116264089
21744120
21832928
101721385
320798691
75878355
76419763
336267424
399860444
287256467
441420236
61733521
389238529
388130235
98494121
198485881
219821826
289164482
198211976
274599700
207501148
293527670
29959761
219766989
684936227
49617263
65347776
268532343
1167538
170729775
192790476
31114545
373453507
1449756
219151731
124702477
48178229
149539158
403288821
231703293
29830212
179033846
219366908
452810327
332660287
332534326
269077474
34466256
443556801
36574157
5024743
78775584
383666033
390157607
419946164
242460075
112037203
76505260
305512837
391903064
190981760
131036011
185482513
184670625
173860688
153197346
152685831
293978434
144970275
283702603
132320310
208030798
284254253
453289469
282091493
275562670
254629854
21113347
1965256662
1976308113
316606244
233831759
1979500576
50943163
286696848
841226527
1001477809
68035558
2016376984
435167167
154293917
20303110
372505528
387603144
394357918
37242226
32408928
187861378
318054782
141405814
319282294
126357909
77102895
74484886
341272282
266843799
251086776
404518509
300011941
4070275
343708863
379723086
344600402
149282072
157236902
179582003
610976842
27769688
273231214
164458714
232608943
307958020
71401634
449197624
268372005
280307604
126772538
322807371
319783554
406443564
5800958
268405086
119585136
373729723
23863106
219041246
273874849
467006627
137151335
259233660
48353358
123357864
259099556
299089652
18318288
48448369
339591840
35883621
449951606
274002141
255851356
75650448
262457587
441546821
434100688
262135904
83181153
55390413
41875043
345724317
383723559
137685450
161687209
402848417
459323923
377622130
418866096
275717567
172376068
399613138
243283955
257052211
10552342
273690178
374177909
191373021
291732201
158933249
271052158
2621212
187278212
118798035
156678143
393626873
24725031
27858644
46627823
60910638
100029948
116887189
125192758
148158540
152070435
185336364
275180352
284910127
300651846
308794367
311555090
349118653
360205899
390855216
399868187
406717909
434937879
449566969
805805533
